
Продукция;Cubes

Б1
Б2
Б3
Б4
Б5
Б6
Б7
К1
К2
К3
